match_id,season,start_date,venue,innings,ball,batting_team,bowling_team,striker,non_striker,bowler,runs_off_bat,extras,wides,noballs,byes,legbyes,penalty,wicket_type,player_dismissed,other_wicket_type,other_player_dismissed
1184902,2019,2019-05-22,Lugogo Cricket Oval,1,0.1,Kenya,Uganda,DM Gondaria,AA Obanda,C Waiswa,0,1,1,,,,,,,,
1184902,2019,2019-05-22,Lugogo Cricket Oval,1,0.2,Kenya,Uganda,DM Gondaria,AA Obanda,C Waiswa,0,1,1,,,,,,,,
1184902,2019,2019-05-22,Lugogo Cricket Oval,1,0.3,Kenya,Uganda,DM Gondaria,AA Obanda,C Waiswa,0,5,5,,,,,,,,
1184902,2019,2019-05-22,Lugogo Cricket Oval,1,0.4,Kenya,Uganda,DM Gondaria,AA Obanda,C Waiswa,1,0,,,,,,,,,
1184902,2019,2019-05-22,Lugogo Cricket Oval,1,0.5,Kenya,Uganda,AA Obanda,DM Gondaria,C Waiswa,0,0,,,,,,,,,
1184902,2019,2019-05-22,Lugogo Cricket Oval,1,0.6,Kenya,Uganda,AA Obanda,DM Gondaria,C Waiswa,0,0,,,,,,,,,
1184902,2019,2019-05-22,Lugogo Cricket Oval,1,0.7,Kenya,Uganda,AA Obanda,DM Gondaria,C Waiswa,0,0,,,,,,caught,AA Obanda,,
1184902,2019,2019-05-22,Lugogo Cricket Oval,1,0.8,Kenya,Uganda,IA Karim,DM Gondaria,C Waiswa,0,0,,,,,,,,,
1184902,2019,2019-05-22,Lugogo Cricket Oval,1,0.9,Kenya,Uganda,IA Karim,DM Gondaria,C Waiswa,0,0,,,,,,,,,
1184902,2019,2019-05-22,Lugogo Cricket Oval,1,1.1,Kenya,Uganda,DM Gondaria,IA Karim,F Nsubuga,1,0,,,,,,,,,
1184902,2019,2019-05-22,Lugogo Cricket Oval,1,1.2,Kenya,Uganda,IA Karim,DM Gondaria,F Nsubuga,0,0,,,,,,,,,
1184902,2019,2019-05-22,Lugogo Cricket Oval,1,1.3,Kenya,Uganda,IA Karim,DM Gondaria,F Nsubuga,0,0,,,,,,,,,
1184902,2019,2019-05-22,Lugogo Cricket Oval,1,1.4,Kenya,Uganda,IA Karim,DM Gondaria,F Nsubuga,1,0,,,,,,,,,
1184902,2019,2019-05-22,Lugogo Cricket Oval,1,1.5,Kenya,Uganda,DM Gondaria,IA Karim,F Nsubuga,0,0,,,,,,,,,
1184902,2019,2019-05-22,Lugogo Cricket Oval,1,1.6,Kenya,Uganda,DM Gondaria,IA Karim,F Nsubuga,1,0,,,,,,,,,
1184902,2019,2019-05-22,Lugogo Cricket Oval,1,2.1,Kenya,Uganda,DM Gondaria,IA Karim,C Waiswa,2,0,,,,,,,,,
1184902,2019,2019-05-22,Lugogo Cricket Oval,1,2.2,Kenya,Uganda,DM Gondaria,IA Karim,C Waiswa,1,0,,,,,,,,,
1184902,2019,2019-05-22,Lugogo Cricket Oval,1,2.3,Kenya,Uganda,IA Karim,DM Gondaria,C Waiswa,0,0,,,,,,,,,
1184902,2019,2019-05-22,Lugogo Cricket Oval,1,2.4,Kenya,Uganda,IA Karim,DM Gondaria,C Waiswa,1,0,,,,,,,,,
1184902,2019,2019-05-22,Lugogo Cricket Oval,1,2.5,Kenya,Uganda,DM Gondaria,IA Karim,C Waiswa,0,0,,,,,,bowled,DM Gondaria,,
1184902,2019,2019-05-22,Lugogo Cricket Oval,1,2.6,Kenya,Uganda,CO Obuya,IA Karim,C Waiswa,0,0,,,,,,,,,
1184902,2019,2019-05-22,Lugogo Cricket Oval,1,3.1,Kenya,Uganda,IA Karim,CO Obuya,F Nsubuga,2,0,,,,,,,,,
1184902,2019,2019-05-22,Lugogo Cricket Oval,1,3.2,Kenya,Uganda,IA Karim,CO Obuya,F Nsubuga,4,0,,,,,,,,,
1184902,2019,2019-05-22,Lugogo Cricket Oval,1,3.3,Kenya,Uganda,IA Karim,CO Obuya,F Nsubuga,1,0,,,,,,,,,
1184902,2019,2019-05-22,Lugogo Cricket Oval,1,3.4,Kenya,Uganda,CO Obuya,IA Karim,F Nsubuga,0,0,,,,,,,,,
1184902,2019,2019-05-22,Lugogo Cricket Oval,1,3.5,Kenya,Uganda,CO Obuya,IA Karim,F Nsubuga,1,0,,,,,,,,,
1184902,2019,2019-05-22,Lugogo Cricket Oval,1,3.6,Kenya,Uganda,IA Karim,CO Obuya,F Nsubuga,1,0,,,,,,,,,
1184902,2019,2019-05-22,Lugogo Cricket Oval,1,4.1,Kenya,Uganda,IA Karim,CO Obuya,Riazat Ali Shah,0,0,,,,,,,,,
1184902,2019,2019-05-22,Lugogo Cricket Oval,1,4.2,Kenya,Uganda,IA Karim,CO Obuya,Riazat Ali Shah,1,0,,,,,,,,,
1184902,2019,2019-05-22,Lugogo Cricket Oval,1,4.3,Kenya,Uganda,CO Obuya,IA Karim,Riazat Ali Shah,0,0,,,,,,,,,
1184902,2019,2019-05-22,Lugogo Cricket Oval,1,4.4,Kenya,Uganda,CO Obuya,IA Karim,Riazat Ali Shah,0,0,,,,,,,,,
1184902,2019,2019-05-22,Lugogo Cricket Oval,1,4.5,Kenya,Uganda,CO Obuya,IA Karim,Riazat Ali Shah,2,0,,,,,,,,,
1184902,2019,2019-05-22,Lugogo Cricket Oval,1,4.6,Kenya,Uganda,CO Obuya,IA Karim,Riazat Ali Shah,0,0,,,,,,,,,
1184902,2019,2019-05-22,Lugogo Cricket Oval,1,5.1,Kenya,Uganda,IA Karim,CO Obuya,RG Mukasa,1,0,,,,,,,,,
1184902,2019,2019-05-22,Lugogo Cricket Oval,1,5.2,Kenya,Uganda,CO Obuya,IA Karim,RG Mukasa,0,0,,,,,,,,,
1184902,2019,2019-05-22,Lugogo Cricket Oval,1,5.3,Kenya,Uganda,CO Obuya,IA Karim,RG Mukasa,0,0,,,,,,,,,
1184902,2019,2019-05-22,Lugogo Cricket Oval,1,5.4,Kenya,Uganda,CO Obuya,IA Karim,RG Mukasa,1,0,,,,,,,,,
1184902,2019,2019-05-22,Lugogo Cricket Oval,1,5.5,Kenya,Uganda,IA Karim,CO Obuya,RG Mukasa,0,0,,,,,,,,,
1184902,2019,2019-05-22,Lugogo Cricket Oval,1,5.6,Kenya,Uganda,IA Karim,CO Obuya,RG Mukasa,1,0,,,,,,,,,
1184902,2019,2019-05-22,Lugogo Cricket Oval,1,6.1,Kenya,Uganda,IA Karim,CO Obuya,Riazat Ali Shah,0,0,,,,,,,,,
1184902,2019,2019-05-22,Lugogo Cricket Oval,1,6.2,Kenya,Uganda,IA Karim,CO Obuya,Riazat Ali Shah,0,0,,,,,,,,,
1184902,2019,2019-05-22,Lugogo Cricket Oval,1,6.3,Kenya,Uganda,IA Karim,CO Obuya,Riazat Ali Shah,0,0,,,,,,,,,
1184902,2019,2019-05-22,Lugogo Cricket Oval,1,6.4,Kenya,Uganda,IA Karim,CO Obuya,Riazat Ali Shah,0,0,,,,,,,,,
1184902,2019,2019-05-22,Lugogo Cricket Oval,1,6.5,Kenya,Uganda,IA Karim,CO Obuya,Riazat Ali Shah,0,0,,,,,,,,,
1184902,2019,2019-05-22,Lugogo Cricket Oval,1,6.6,Kenya,Uganda,IA Karim,CO Obuya,Riazat Ali Shah,1,0,,,,,,,,,
1184902,2019,2019-05-22,Lugogo Cricket Oval,1,7.1,Kenya,Uganda,IA Karim,CO Obuya,RG Mukasa,4,0,,,,,,,,,
1184902,2019,2019-05-22,Lugogo Cricket Oval,1,7.2,Kenya,Uganda,IA Karim,CO Obuya,RG Mukasa,0,0,,,,,,,,,
1184902,2019,2019-05-22,Lugogo Cricket Oval,1,7.3,Kenya,Uganda,IA Karim,CO Obuya,RG Mukasa,1,0,,,,,,,,,
1184902,2019,2019-05-22,Lugogo Cricket Oval,1,7.4,Kenya,Uganda,CO Obuya,IA Karim,RG Mukasa,1,0,,,,,,,,,
1184902,2019,2019-05-22,Lugogo Cricket Oval,1,7.5,Kenya,Uganda,IA Karim,CO Obuya,RG Mukasa,0,0,,,,,,,,,
1184902,2019,2019-05-22,Lugogo Cricket Oval,1,7.6,Kenya,Uganda,IA Karim,CO Obuya,RG Mukasa,0,0,,,,,,,,,
1184902,2019,2019-05-22,Lugogo Cricket Oval,1,8.1,Kenya,Uganda,CO Obuya,IA Karim,D Muhumuza,1,0,,,,,,,,,
1184902,2019,2019-05-22,Lugogo Cricket Oval,1,8.2,Kenya,Uganda,IA Karim,CO Obuya,D Muhumuza,1,0,,,,,,,,,
1184902,2019,2019-05-22,Lugogo Cricket Oval,1,8.3,Kenya,Uganda,CO Obuya,IA Karim,D Muhumuza,1,0,,,,,,,,,
1184902,2019,2019-05-22,Lugogo Cricket Oval,1,8.4,Kenya,Uganda,IA Karim,CO Obuya,D Muhumuza,1,0,,,,,,,,,
1184902,2019,2019-05-22,Lugogo Cricket Oval,1,8.5,Kenya,Uganda,CO Obuya,IA Karim,D Muhumuza,0,0,,,,,,,,,
1184902,2019,2019-05-22,Lugogo Cricket Oval,1,8.6,Kenya,Uganda,CO Obuya,IA Karim,D Muhumuza,1,0,,,,,,,,,
1184902,2019,2019-05-22,Lugogo Cricket Oval,1,9.1,Kenya,Uganda,CO Obuya,IA Karim,RG Mukasa,0,0,,,,,,,,,
1184902,2019,2019-05-22,Lugogo Cricket Oval,1,9.2,Kenya,Uganda,CO Obuya,IA Karim,RG Mukasa,0,0,,,,,,,,,
1184902,2019,2019-05-22,Lugogo Cricket Oval,1,9.3,Kenya,Uganda,CO Obuya,IA Karim,RG Mukasa,0,0,,,,,,,,,
1184902,2019,2019-05-22,Lugogo Cricket Oval,1,9.4,Kenya,Uganda,CO Obuya,IA Karim,RG Mukasa,0,0,,,,,,,,,
1184902,2019,2019-05-22,Lugogo Cricket Oval,1,9.5,Kenya,Uganda,CO Obuya,IA Karim,RG Mukasa,0,0,,,,,,,,,
1184902,2019,2019-05-22,Lugogo Cricket Oval,1,9.6,Kenya,Uganda,CO Obuya,IA Karim,RG Mukasa,1,0,,,,,,,,,
1184902,2019,2019-05-22,Lugogo Cricket Oval,1,10.1,Kenya,Uganda,CO Obuya,IA Karim,D Muhumuza,1,0,,,,,,,,,
1184902,2019,2019-05-22,Lugogo Cricket Oval,1,10.2,Kenya,Uganda,IA Karim,CO Obuya,D Muhumuza,1,0,,,,,,,,,
1184902,2019,2019-05-22,Lugogo Cricket Oval,1,10.3,Kenya,Uganda,CO Obuya,IA Karim,D Muhumuza,1,0,,,,,,,,,
1184902,2019,2019-05-22,Lugogo Cricket Oval,1,10.4,Kenya,Uganda,IA Karim,CO Obuya,D Muhumuza,1,0,,,,,,,,,
1184902,2019,2019-05-22,Lugogo Cricket Oval,1,10.5,Kenya,Uganda,CO Obuya,IA Karim,D Muhumuza,0,0,,,,,,,,,
1184902,2019,2019-05-22,Lugogo Cricket Oval,1,10.6,Kenya,Uganda,CO Obuya,IA Karim,D Muhumuza,0,0,,,,,,,,,
1184902,2019,2019-05-22,Lugogo Cricket Oval,1,11.1,Kenya,Uganda,IA Karim,CO Obuya,RG Mukasa,1,0,,,,,,,,,
1184902,2019,2019-05-22,Lugogo Cricket Oval,1,11.2,Kenya,Uganda,CO Obuya,IA Karim,RG Mukasa,0,0,,,,,,,,,
1184902,2019,2019-05-22,Lugogo Cricket Oval,1,11.3,Kenya,Uganda,CO Obuya,IA Karim,RG Mukasa,6,0,,,,,,,,,
1184902,2019,2019-05-22,Lugogo Cricket Oval,1,11.4,Kenya,Uganda,CO Obuya,IA Karim,RG Mukasa,1,0,,,,,,,,,
1184902,2019,2019-05-22,Lugogo Cricket Oval,1,11.5,Kenya,Uganda,IA Karim,CO Obuya,RG Mukasa,0,1,,,,1,,,,,
1184902,2019,2019-05-22,Lugogo Cricket Oval,1,11.6,Kenya,Uganda,CO Obuya,IA Karim,RG Mukasa,0,0,,,,,,,,,
1184902,2019,2019-05-22,Lugogo Cricket Oval,1,12.1,Kenya,Uganda,IA Karim,CO Obuya,DM Nakrani,1,0,,,,,,,,,
1184902,2019,2019-05-22,Lugogo Cricket Oval,1,12.2,Kenya,Uganda,CO Obuya,IA Karim,DM Nakrani,1,0,,,,,,,,,
1184902,2019,2019-05-22,Lugogo Cricket Oval,1,12.3,Kenya,Uganda,IA Karim,CO Obuya,DM Nakrani,1,0,,,,,,,,,
1184902,2019,2019-05-22,Lugogo Cricket Oval,1,12.4,Kenya,Uganda,CO Obuya,IA Karim,DM Nakrani,1,0,,,,,,,,,
1184902,2019,2019-05-22,Lugogo Cricket Oval,1,12.5,Kenya,Uganda,IA Karim,CO Obuya,DM Nakrani,2,0,,,,,,,,,
1184902,2019,2019-05-22,Lugogo Cricket Oval,1,12.6,Kenya,Uganda,IA Karim,CO Obuya,DM Nakrani,0,0,,,,,,caught,IA Karim,,
1184902,2019,2019-05-22,Lugogo Cricket Oval,1,13.1,Kenya,Uganda,CO Obuya,RR Patel,R Olipa,0,1,1,,,,,,,,
1184902,2019,2019-05-22,Lugogo Cricket Oval,1,13.2,Kenya,Uganda,CO Obuya,RR Patel,R Olipa,1,0,,,,,,,,,
1184902,2019,2019-05-22,Lugogo Cricket Oval,1,13.3,Kenya,Uganda,RR Patel,CO Obuya,R Olipa,0,0,,,,,,,,,
1184902,2019,2019-05-22,Lugogo Cricket Oval,1,13.4,Kenya,Uganda,RR Patel,CO Obuya,R Olipa,0,0,,,,,,,,,
1184902,2019,2019-05-22,Lugogo Cricket Oval,1,13.5,Kenya,Uganda,RR Patel,CO Obuya,R Olipa,6,0,,,,,,,,,
1184902,2019,2019-05-22,Lugogo Cricket Oval,1,13.6,Kenya,Uganda,RR Patel,CO Obuya,R Olipa,0,0,,,,,,,,,
1184902,2019,2019-05-22,Lugogo Cricket Oval,1,13.7,Kenya,Uganda,RR Patel,CO Obuya,R Olipa,0,0,,,,,,,,,
1184902,2019,2019-05-22,Lugogo Cricket Oval,1,14.1,Kenya,Uganda,CO Obuya,RR Patel,DM Nakrani,0,0,,,,,,caught,CO Obuya,,
1184902,2019,2019-05-22,Lugogo Cricket Oval,1,14.2,Kenya,Uganda,SO Ngoche,RR Patel,DM Nakrani,0,0,,,,,,,,,
1184902,2019,2019-05-22,Lugogo Cricket Oval,1,14.3,Kenya,Uganda,SO Ngoche,RR Patel,DM Nakrani,0,0,,,,,,,,,
1184902,2019,2019-05-22,Lugogo Cricket Oval,1,14.4,Kenya,Uganda,SO Ngoche,RR Patel,DM Nakrani,1,0,,,,,,,,,
1184902,2019,2019-05-22,Lugogo Cricket Oval,1,14.5,Kenya,Uganda,RR Patel,SO Ngoche,DM Nakrani,1,0,,,,,,,,,
1184902,2019,2019-05-22,Lugogo Cricket Oval,1,14.6,Kenya,Uganda,SO Ngoche,RR Patel,DM Nakrani,1,0,,,,,,,,,
1184902,2019,2019-05-22,Lugogo Cricket Oval,1,15.1,Kenya,Uganda,SO Ngoche,RR Patel,Riazat Ali Shah,6,0,,,,,,,,,
1184902,2019,2019-05-22,Lugogo Cricket Oval,1,15.2,Kenya,Uganda,SO Ngoche,RR Patel,Riazat Ali Shah,1,0,,,,,,,,,
1184902,2019,2019-05-22,Lugogo Cricket Oval,1,15.3,Kenya,Uganda,RR Patel,SO Ngoche,Riazat Ali Shah,0,0,,,,,,,,,
1184902,2019,2019-05-22,Lugogo Cricket Oval,1,15.4,Kenya,Uganda,RR Patel,SO Ngoche,Riazat Ali Shah,0,0,,,,,,,,,
1184902,2019,2019-05-22,Lugogo Cricket Oval,1,15.5,Kenya,Uganda,RR Patel,SO Ngoche,Riazat Ali Shah,6,0,,,,,,,,,
1184902,2019,2019-05-22,Lugogo Cricket Oval,1,15.6,Kenya,Uganda,RR Patel,SO Ngoche,Riazat Ali Shah,6,0,,,,,,,,,
1184902,2019,2019-05-22,Lugogo Cricket Oval,1,16.1,Kenya,Uganda,SO Ngoche,RR Patel,DM Nakrani,4,0,,,,,,,,,
1184902,2019,2019-05-22,Lugogo Cricket Oval,1,16.2,Kenya,Uganda,SO Ngoche,RR Patel,DM Nakrani,6,0,,,,,,,,,
1184902,2019,2019-05-22,Lugogo Cricket Oval,1,16.3,Kenya,Uganda,SO Ngoche,RR Patel,DM Nakrani,2,0,,,,,,,,,
1184902,2019,2019-05-22,Lugogo Cricket Oval,1,16.4,Kenya,Uganda,SO Ngoche,RR Patel,DM Nakrani,1,0,,,,,,,,,
1184902,2019,2019-05-22,Lugogo Cricket Oval,1,16.5,Kenya,Uganda,RR Patel,SO Ngoche,DM Nakrani,4,0,,,,,,,,,
1184902,2019,2019-05-22,Lugogo Cricket Oval,1,16.6,Kenya,Uganda,RR Patel,SO Ngoche,DM Nakrani,1,0,,,,,,,,,
1184902,2019,2019-05-22,Lugogo Cricket Oval,1,17.1,Kenya,Uganda,RR Patel,SO Ngoche,C Waiswa,4,0,,,,,,,,,
1184902,2019,2019-05-22,Lugogo Cricket Oval,1,17.2,Kenya,Uganda,RR Patel,SO Ngoche,C Waiswa,1,0,,,,,,,,,
1184902,2019,2019-05-22,Lugogo Cricket Oval,1,17.3,Kenya,Uganda,SO Ngoche,RR Patel,C Waiswa,0,0,,,,,,caught,SO Ngoche,,
1184902,2019,2019-05-22,Lugogo Cricket Oval,1,17.4,Kenya,Uganda,RR Patel,LN Oluoch,C Waiswa,1,0,,,,,,,,,
1184902,2019,2019-05-22,Lugogo Cricket Oval,1,17.5,Kenya,Uganda,LN Oluoch,RR Patel,C Waiswa,4,0,,,,,,,,,
1184902,2019,2019-05-22,Lugogo Cricket Oval,1,17.6,Kenya,Uganda,LN Oluoch,RR Patel,C Waiswa,1,0,,,,,,,,,
1184902,2019,2019-05-22,Lugogo Cricket Oval,1,18.1,Kenya,Uganda,LN Oluoch,RR Patel,DM Nakrani,1,0,,,,,,,,,
1184902,2019,2019-05-22,Lugogo Cricket Oval,1,18.2,Kenya,Uganda,RR Patel,LN Oluoch,DM Nakrani,1,0,,,,,,,,,
1184902,2019,2019-05-22,Lugogo Cricket Oval,1,18.3,Kenya,Uganda,LN Oluoch,RR Patel,DM Nakrani,0,0,,,,,,,,,
1184902,2019,2019-05-22,Lugogo Cricket Oval,1,18.4,Kenya,Uganda,LN Oluoch,RR Patel,DM Nakrani,1,0,,,,,,,,,
1184902,2019,2019-05-22,Lugogo Cricket Oval,1,18.5,Kenya,Uganda,RR Patel,LN Oluoch,DM Nakrani,4,0,,,,,,,,,
1184902,2019,2019-05-22,Lugogo Cricket Oval,1,18.6,Kenya,Uganda,RR Patel,LN Oluoch,DM Nakrani,2,0,,,,,,,,,
1184902,2019,2019-05-22,Lugogo Cricket Oval,1,19.1,Kenya,Uganda,LN Oluoch,RR Patel,C Waiswa,0,0,,,,,,bowled,LN Oluoch,,
1184902,2019,2019-05-22,Lugogo Cricket Oval,1,19.2,Kenya,Uganda,SR Bhudia,RR Patel,C Waiswa,1,0,,,,,,,,,
1184902,2019,2019-05-22,Lugogo Cricket Oval,1,19.3,Kenya,Uganda,RR Patel,SR Bhudia,C Waiswa,6,0,,,,,,,,,
1184902,2019,2019-05-22,Lugogo Cricket Oval,1,19.4,Kenya,Uganda,RR Patel,SR Bhudia,C Waiswa,0,0,,,,,,,,,
1184902,2019,2019-05-22,Lugogo Cricket Oval,1,19.5,Kenya,Uganda,RR Patel,SR Bhudia,C Waiswa,2,0,,,,,,,,,
1184902,2019,2019-05-22,Lugogo Cricket Oval,1,19.6,Kenya,Uganda,RR Patel,SR Bhudia,C Waiswa,6,0,,,,,,,,,
1184902,2019,2019-05-22,Lugogo Cricket Oval,2,0.1,Uganda,Kenya,Z Arinaitwe,HB Kayondo,SO Ngoche,0,0,,,,,,,,,
1184902,2019,2019-05-22,Lugogo Cricket Oval,2,0.2,Uganda,Kenya,Z Arinaitwe,HB Kayondo,SO Ngoche,0,0,,,,,,,,,
1184902,2019,2019-05-22,Lugogo Cricket Oval,2,0.3,Uganda,Kenya,Z Arinaitwe,HB Kayondo,SO Ngoche,1,0,,,,,,,,,
1184902,2019,2019-05-22,Lugogo Cricket Oval,2,0.4,Uganda,Kenya,HB Kayondo,Z Arinaitwe,SO Ngoche,6,0,,,,,,,,,
1184902,2019,2019-05-22,Lugogo Cricket Oval,2,0.5,Uganda,Kenya,HB Kayondo,Z Arinaitwe,SO Ngoche,1,0,,,,,,,,,
1184902,2019,2019-05-22,Lugogo Cricket Oval,2,0.6,Uganda,Kenya,Z Arinaitwe,HB Kayondo,SO Ngoche,1,0,,,,,,,,,
1184902,2019,2019-05-22,Lugogo Cricket Oval,2,1.1,Uganda,Kenya,Z Arinaitwe,HB Kayondo,E Otieno,0,0,,,,,,,,,
1184902,2019,2019-05-22,Lugogo Cricket Oval,2,1.2,Uganda,Kenya,Z Arinaitwe,HB Kayondo,E Otieno,4,0,,,,,,,,,
1184902,2019,2019-05-22,Lugogo Cricket Oval,2,1.3,Uganda,Kenya,Z Arinaitwe,HB Kayondo,E Otieno,0,1,1,,,,,,,,
1184902,2019,2019-05-22,Lugogo Cricket Oval,2,1.4,Uganda,Kenya,Z Arinaitwe,HB Kayondo,E Otieno,0,0,,,,,,,,,
1184902,2019,2019-05-22,Lugogo Cricket Oval,2,1.5,Uganda,Kenya,Z Arinaitwe,HB Kayondo,E Otieno,0,0,,,,,,,,,
1184902,2019,2019-05-22,Lugogo Cricket Oval,2,1.6,Uganda,Kenya,Z Arinaitwe,HB Kayondo,E Otieno,0,0,,,,,,caught,Z Arinaitwe,,
1184902,2019,2019-05-22,Lugogo Cricket Oval,2,1.7,Uganda,Kenya,RG Mukasa,HB Kayondo,E Otieno,1,0,,,,,,,,,
1184902,2019,2019-05-22,Lugogo Cricket Oval,2,2.1,Uganda,Kenya,RG Mukasa,HB Kayondo,SO Ngoche,0,0,,,,,,,,,
1184902,2019,2019-05-22,Lugogo Cricket Oval,2,2.2,Uganda,Kenya,RG Mukasa,HB Kayondo,SO Ngoche,1,0,,,,,,,,,
1184902,2019,2019-05-22,Lugogo Cricket Oval,2,2.3,Uganda,Kenya,HB Kayondo,RG Mukasa,SO Ngoche,1,0,,,,,,,,,
1184902,2019,2019-05-22,Lugogo Cricket Oval,2,2.4,Uganda,Kenya,RG Mukasa,HB Kayondo,SO Ngoche,1,0,,,,,,,,,
1184902,2019,2019-05-22,Lugogo Cricket Oval,2,2.5,Uganda,Kenya,HB Kayondo,RG Mukasa,SO Ngoche,1,0,,,,,,,,,
1184902,2019,2019-05-22,Lugogo Cricket Oval,2,2.6,Uganda,Kenya,RG Mukasa,HB Kayondo,SO Ngoche,1,0,,,,,,,,,
1184902,2019,2019-05-22,Lugogo Cricket Oval,2,3.1,Uganda,Kenya,RG Mukasa,HB Kayondo,E Otieno,0,0,,,,,,caught,RG Mukasa,,
1184902,2019,2019-05-22,Lugogo Cricket Oval,2,3.2,Uganda,Kenya,HB Kayondo,A Otwani,E Otieno,1,0,,,,,,,,,
1184902,2019,2019-05-22,Lugogo Cricket Oval,2,3.3,Uganda,Kenya,A Otwani,HB Kayondo,E Otieno,0,0,,,,,,,,,
1184902,2019,2019-05-22,Lugogo Cricket Oval,2,3.4,Uganda,Kenya,A Otwani,HB Kayondo,E Otieno,0,1,1,,,,,,,,
1184902,2019,2019-05-22,Lugogo Cricket Oval,2,3.5,Uganda,Kenya,A Otwani,HB Kayondo,E Otieno,0,0,,,,,,,,,
1184902,2019,2019-05-22,Lugogo Cricket Oval,2,3.6,Uganda,Kenya,A Otwani,HB Kayondo,E Otieno,0,0,,,,,,,,,
1184902,2019,2019-05-22,Lugogo Cricket Oval,2,3.7,Uganda,Kenya,A Otwani,HB Kayondo,E Otieno,1,0,,,,,,,,,
1184902,2019,2019-05-22,Lugogo Cricket Oval,2,4.1,Uganda,Kenya,A Otwani,HB Kayondo,LN Oluoch,0,0,,,,,,,,,
1184902,2019,2019-05-22,Lugogo Cricket Oval,2,4.2,Uganda,Kenya,A Otwani,HB Kayondo,LN Oluoch,0,0,,,,,,,,,
1184902,2019,2019-05-22,Lugogo Cricket Oval,2,4.3,Uganda,Kenya,A Otwani,HB Kayondo,LN Oluoch,0,0,,,,,,,,,
1184902,2019,2019-05-22,Lugogo Cricket Oval,2,4.4,Uganda,Kenya,A Otwani,HB Kayondo,LN Oluoch,0,1,1,,,,,,,,
1184902,2019,2019-05-22,Lugogo Cricket Oval,2,4.5,Uganda,Kenya,A Otwani,HB Kayondo,LN Oluoch,4,0,,,,,,,,,
1184902,2019,2019-05-22,Lugogo Cricket Oval,2,4.6,Uganda,Kenya,A Otwani,HB Kayondo,LN Oluoch,1,0,,,,,,,,,
1184902,2019,2019-05-22,Lugogo Cricket Oval,2,4.7,Uganda,Kenya,HB Kayondo,A Otwani,LN Oluoch,0,0,,,,,,,,,
1184902,2019,2019-05-22,Lugogo Cricket Oval,2,5.1,Uganda,Kenya,A Otwani,HB Kayondo,NM Odhiambo,4,0,,,,,,,,,
1184902,2019,2019-05-22,Lugogo Cricket Oval,2,5.2,Uganda,Kenya,A Otwani,HB Kayondo,NM Odhiambo,0,0,,,,,,caught,A Otwani,,
1184902,2019,2019-05-22,Lugogo Cricket Oval,2,5.3,Uganda,Kenya,HB Kayondo,DM Nakrani,NM Odhiambo,0,0,,,,,,,,,
1184902,2019,2019-05-22,Lugogo Cricket Oval,2,5.4,Uganda,Kenya,HB Kayondo,DM Nakrani,NM Odhiambo,6,0,,,,,,,,,
1184902,2019,2019-05-22,Lugogo Cricket Oval,2,5.5,Uganda,Kenya,HB Kayondo,DM Nakrani,NM Odhiambo,1,0,,,,,,,,,
1184902,2019,2019-05-22,Lugogo Cricket Oval,2,5.6,Uganda,Kenya,DM Nakrani,HB Kayondo,NM Odhiambo,0,0,,,,,,,,,
1184902,2019,2019-05-22,Lugogo Cricket Oval,2,6.1,Uganda,Kenya,HB Kayondo,DM Nakrani,LN Oluoch,1,0,,,,,,,,,
1184902,2019,2019-05-22,Lugogo Cricket Oval,2,6.2,Uganda,Kenya,DM Nakrani,HB Kayondo,LN Oluoch,1,0,,,,,,,,,
1184902,2019,2019-05-22,Lugogo Cricket Oval,2,6.3,Uganda,Kenya,HB Kayondo,DM Nakrani,LN Oluoch,0,0,,,,,,,,,
1184902,2019,2019-05-22,Lugogo Cricket Oval,2,6.4,Uganda,Kenya,HB Kayondo,DM Nakrani,LN Oluoch,2,0,,,,,,,,,
1184902,2019,2019-05-22,Lugogo Cricket Oval,2,6.5,Uganda,Kenya,HB Kayondo,DM Nakrani,LN Oluoch,1,0,,,,,,,,,
1184902,2019,2019-05-22,Lugogo Cricket Oval,2,6.6,Uganda,Kenya,DM Nakrani,HB Kayondo,LN Oluoch,6,0,,,,,,,,,
1184902,2019,2019-05-22,Lugogo Cricket Oval,2,7.1,Uganda,Kenya,HB Kayondo,DM Nakrani,NM Odhiambo,0,0,,,,,,,,,
1184902,2019,2019-05-22,Lugogo Cricket Oval,2,7.2,Uganda,Kenya,HB Kayondo,DM Nakrani,NM Odhiambo,2,0,,,,,,,,,
1184902,2019,2019-05-22,Lugogo Cricket Oval,2,7.3,Uganda,Kenya,HB Kayondo,DM Nakrani,NM Odhiambo,0,0,,,,,,,,,
1184902,2019,2019-05-22,Lugogo Cricket Oval,2,7.4,Uganda,Kenya,HB Kayondo,DM Nakrani,NM Odhiambo,0,1,1,,,,,,,,
1184902,2019,2019-05-22,Lugogo Cricket Oval,2,7.5,Uganda,Kenya,HB Kayondo,DM Nakrani,NM Odhiambo,1,0,,,,,,,,,
1184902,2019,2019-05-22,Lugogo Cricket Oval,2,7.6,Uganda,Kenya,DM Nakrani,HB Kayondo,NM Odhiambo,1,0,,,,,,,,,
1184902,2019,2019-05-22,Lugogo Cricket Oval,2,7.7,Uganda,Kenya,HB Kayondo,DM Nakrani,NM Odhiambo,1,0,,,,,,,,,
1184902,2019,2019-05-22,Lugogo Cricket Oval,2,8.1,Uganda,Kenya,HB Kayondo,DM Nakrani,SR Bhudia,1,0,,,,,,,,,
1184902,2019,2019-05-22,Lugogo Cricket Oval,2,8.2,Uganda,Kenya,DM Nakrani,HB Kayondo,SR Bhudia,1,0,,,,,,,,,
1184902,2019,2019-05-22,Lugogo Cricket Oval,2,8.3,Uganda,Kenya,HB Kayondo,DM Nakrani,SR Bhudia,0,0,,,,,,,,,
1184902,2019,2019-05-22,Lugogo Cricket Oval,2,8.4,Uganda,Kenya,HB Kayondo,DM Nakrani,SR Bhudia,4,0,,,,,,,,,
1184902,2019,2019-05-22,Lugogo Cricket Oval,2,8.5,Uganda,Kenya,HB Kayondo,DM Nakrani,SR Bhudia,1,0,,,,,,,,,
1184902,2019,2019-05-22,Lugogo Cricket Oval,2,8.6,Uganda,Kenya,DM Nakrani,HB Kayondo,SR Bhudia,0,0,,,,,,,,,
1184902,2019,2019-05-22,Lugogo Cricket Oval,2,9.1,Uganda,Kenya,HB Kayondo,DM Nakrani,NM Odhiambo,0,0,,,,,,caught,HB Kayondo,,
1184902,2019,2019-05-22,Lugogo Cricket Oval,2,9.2,Uganda,Kenya,DM Nakrani,Riazat Ali Shah,NM Odhiambo,1,0,,,,,,,,,
1184902,2019,2019-05-22,Lugogo Cricket Oval,2,9.3,Uganda,Kenya,Riazat Ali Shah,DM Nakrani,NM Odhiambo,1,0,,,,,,,,,
1184902,2019,2019-05-22,Lugogo Cricket Oval,2,9.4,Uganda,Kenya,DM Nakrani,Riazat Ali Shah,NM Odhiambo,4,0,,,,,,,,,
1184902,2019,2019-05-22,Lugogo Cricket Oval,2,9.5,Uganda,Kenya,DM Nakrani,Riazat Ali Shah,NM Odhiambo,1,0,,,,,,,,,
1184902,2019,2019-05-22,Lugogo Cricket Oval,2,9.6,Uganda,Kenya,Riazat Ali Shah,DM Nakrani,NM Odhiambo,1,0,,,,,,,,,
1184902,2019,2019-05-22,Lugogo Cricket Oval,2,10.1,Uganda,Kenya,Riazat Ali Shah,DM Nakrani,SO Ngoche,1,0,,,,,,,,,
1184902,2019,2019-05-22,Lugogo Cricket Oval,2,10.2,Uganda,Kenya,DM Nakrani,Riazat Ali Shah,SO Ngoche,1,0,,,,,,,,,
1184902,2019,2019-05-22,Lugogo Cricket Oval,2,10.3,Uganda,Kenya,Riazat Ali Shah,DM Nakrani,SO Ngoche,0,0,,,,,,,,,
1184902,2019,2019-05-22,Lugogo Cricket Oval,2,10.4,Uganda,Kenya,Riazat Ali Shah,DM Nakrani,SO Ngoche,0,0,,,,,,,,,
1184902,2019,2019-05-22,Lugogo Cricket Oval,2,10.5,Uganda,Kenya,Riazat Ali Shah,DM Nakrani,SO Ngoche,0,0,,,,,,,,,
1184902,2019,2019-05-22,Lugogo Cricket Oval,2,10.6,Uganda,Kenya,Riazat Ali Shah,DM Nakrani,SO Ngoche,0,0,,,,,,,,,
1184902,2019,2019-05-22,Lugogo Cricket Oval,2,11.1,Uganda,Kenya,DM Nakrani,Riazat Ali Shah,SR Bhudia,1,0,,,,,,,,,
1184902,2019,2019-05-22,Lugogo Cricket Oval,2,11.2,Uganda,Kenya,Riazat Ali Shah,DM Nakrani,SR Bhudia,0,0,,,,,,,,,
1184902,2019,2019-05-22,Lugogo Cricket Oval,2,11.3,Uganda,Kenya,Riazat Ali Shah,DM Nakrani,SR Bhudia,1,0,,,,,,,,,
1184902,2019,2019-05-22,Lugogo Cricket Oval,2,11.4,Uganda,Kenya,DM Nakrani,Riazat Ali Shah,SR Bhudia,1,0,,,,,,,,,
1184902,2019,2019-05-22,Lugogo Cricket Oval,2,11.5,Uganda,Kenya,Riazat Ali Shah,DM Nakrani,SR Bhudia,1,0,,,,,,,,,
1184902,2019,2019-05-22,Lugogo Cricket Oval,2,11.6,Uganda,Kenya,DM Nakrani,Riazat Ali Shah,SR Bhudia,1,0,,,,,,,,,
1184902,2019,2019-05-22,Lugogo Cricket Oval,2,12.1,Uganda,Kenya,DM Nakrani,Riazat Ali Shah,SO Ngoche,0,0,,,,,,caught,DM Nakrani,,
1184902,2019,2019-05-22,Lugogo Cricket Oval,2,12.2,Uganda,Kenya,Riazat Ali Shah,D Muhumuza,SO Ngoche,0,0,,,,,,,,,
1184902,2019,2019-05-22,Lugogo Cricket Oval,2,12.3,Uganda,Kenya,Riazat Ali Shah,D Muhumuza,SO Ngoche,0,0,,,,,,,,,
1184902,2019,2019-05-22,Lugogo Cricket Oval,2,12.4,Uganda,Kenya,Riazat Ali Shah,D Muhumuza,SO Ngoche,4,0,,,,,,,,,
1184902,2019,2019-05-22,Lugogo Cricket Oval,2,12.5,Uganda,Kenya,Riazat Ali Shah,D Muhumuza,SO Ngoche,0,0,,,,,,,,,
1184902,2019,2019-05-22,Lugogo Cricket Oval,2,12.6,Uganda,Kenya,Riazat Ali Shah,D Muhumuza,SO Ngoche,1,0,,,,,,,,,
1184902,2019,2019-05-22,Lugogo Cricket Oval,2,13.1,Uganda,Kenya,Riazat Ali Shah,D Muhumuza,SR Bhudia,1,0,,,,,,,,,
1184902,2019,2019-05-22,Lugogo Cricket Oval,2,13.2,Uganda,Kenya,D Muhumuza,Riazat Ali Shah,SR Bhudia,1,0,,,,,,,,,
1184902,2019,2019-05-22,Lugogo Cricket Oval,2,13.3,Uganda,Kenya,Riazat Ali Shah,D Muhumuza,SR Bhudia,1,0,,,,,,,,,
1184902,2019,2019-05-22,Lugogo Cricket Oval,2,13.4,Uganda,Kenya,D Muhumuza,Riazat Ali Shah,SR Bhudia,0,1,1,,,,,,,,
1184902,2019,2019-05-22,Lugogo Cricket Oval,2,13.5,Uganda,Kenya,D Muhumuza,Riazat Ali Shah,SR Bhudia,1,0,,,,,,,,,
1184902,2019,2019-05-22,Lugogo Cricket Oval,2,13.6,Uganda,Kenya,Riazat Ali Shah,D Muhumuza,SR Bhudia,4,0,,,,,,,,,
1184902,2019,2019-05-22,Lugogo Cricket Oval,2,13.7,Uganda,Kenya,Riazat Ali Shah,D Muhumuza,SR Bhudia,1,0,,,,,,,,,
1184902,2019,2019-05-22,Lugogo Cricket Oval,2,14.1,Uganda,Kenya,Riazat Ali Shah,D Muhumuza,CO Obuya,1,0,,,,,,,,,
1184902,2019,2019-05-22,Lugogo Cricket Oval,2,14.2,Uganda,Kenya,D Muhumuza,Riazat Ali Shah,CO Obuya,0,0,,,,,,,,,
1184902,2019,2019-05-22,Lugogo Cricket Oval,2,14.3,Uganda,Kenya,D Muhumuza,Riazat Ali Shah,CO Obuya,1,0,,,,,,,,,
1184902,2019,2019-05-22,Lugogo Cricket Oval,2,14.4,Uganda,Kenya,Riazat Ali Shah,D Muhumuza,CO Obuya,1,0,,,,,,,,,
1184902,2019,2019-05-22,Lugogo Cricket Oval,2,14.5,Uganda,Kenya,D Muhumuza,Riazat Ali Shah,CO Obuya,0,0,,,,,,bowled,D Muhumuza,,
1184902,2019,2019-05-22,Lugogo Cricket Oval,2,14.6,Uganda,Kenya,R Olipa,Riazat Ali Shah,CO Obuya,1,0,,,,,,,,,
1184902,2019,2019-05-22,Lugogo Cricket Oval,2,15.1,Uganda,Kenya,R Olipa,Riazat Ali Shah,NM Odhiambo,1,0,,,,,,,,,
1184902,2019,2019-05-22,Lugogo Cricket Oval,2,15.2,Uganda,Kenya,Riazat Ali Shah,R Olipa,NM Odhiambo,1,0,,,,,,,,,
1184902,2019,2019-05-22,Lugogo Cricket Oval,2,15.3,Uganda,Kenya,R Olipa,Riazat Ali Shah,NM Odhiambo,1,0,,,,,,,,,
1184902,2019,2019-05-22,Lugogo Cricket Oval,2,15.4,Uganda,Kenya,Riazat Ali Shah,R Olipa,NM Odhiambo,1,0,,,,,,,,,
1184902,2019,2019-05-22,Lugogo Cricket Oval,2,15.5,Uganda,Kenya,R Olipa,Riazat Ali Shah,NM Odhiambo,0,0,,,,,,bowled,R Olipa,,
1184902,2019,2019-05-22,Lugogo Cricket Oval,2,15.6,Uganda,Kenya,F Nsubuga,Riazat Ali Shah,NM Odhiambo,1,0,,,,,,,,,
1184902,2019,2019-05-22,Lugogo Cricket Oval,2,16.1,Uganda,Kenya,F Nsubuga,Riazat Ali Shah,CO Obuya,0,0,,,,,,,,,
1184902,2019,2019-05-22,Lugogo Cricket Oval,2,16.2,Uganda,Kenya,F Nsubuga,Riazat Ali Shah,CO Obuya,0,0,,,,,,,,,
1184902,2019,2019-05-22,Lugogo Cricket Oval,2,16.3,Uganda,Kenya,F Nsubuga,Riazat Ali Shah,CO Obuya,0,0,,,,,,,,,
1184902,2019,2019-05-22,Lugogo Cricket Oval,2,16.4,Uganda,Kenya,F Nsubuga,Riazat Ali Shah,CO Obuya,0,2,2,,,,,,,,
1184902,2019,2019-05-22,Lugogo Cricket Oval,2,16.5,Uganda,Kenya,Riazat Ali Shah,F Nsubuga,CO Obuya,0,0,,,,,,,,,
1184902,2019,2019-05-22,Lugogo Cricket Oval,2,16.6,Uganda,Kenya,Riazat Ali Shah,F Nsubuga,CO Obuya,1,0,,,,,,,,,
1184902,2019,2019-05-22,Lugogo Cricket Oval,2,16.7,Uganda,Kenya,F Nsubuga,Riazat Ali Shah,CO Obuya,0,0,,,,,,,,,
1184902,2019,2019-05-22,Lugogo Cricket Oval,2,17.1,Uganda,Kenya,Riazat Ali Shah,F Nsubuga,E Otieno,1,0,,,,,,,,,
1184902,2019,2019-05-22,Lugogo Cricket Oval,2,17.2,Uganda,Kenya,F Nsubuga,Riazat Ali Shah,E Otieno,1,0,,,,,,,,,
1184902,2019,2019-05-22,Lugogo Cricket Oval,2,17.3,Uganda,Kenya,Riazat Ali Shah,F Nsubuga,E Otieno,1,0,,,,,,,,,
1184902,2019,2019-05-22,Lugogo Cricket Oval,2,17.4,Uganda,Kenya,F Nsubuga,Riazat Ali Shah,E Otieno,0,1,,,,1,,,,,
1184902,2019,2019-05-22,Lugogo Cricket Oval,2,17.5,Uganda,Kenya,Riazat Ali Shah,F Nsubuga,E Otieno,1,0,,,,,,,,,
1184902,2019,2019-05-22,Lugogo Cricket Oval,2,17.6,Uganda,Kenya,F Nsubuga,Riazat Ali Shah,E Otieno,6,0,,,,,,,,,
1184902,2019,2019-05-22,Lugogo Cricket Oval,2,18.1,Uganda,Kenya,Riazat Ali Shah,F Nsubuga,LN Oluoch,1,0,,,,,,,,,
1184902,2019,2019-05-22,Lugogo Cricket Oval,2,18.2,Uganda,Kenya,F Nsubuga,Riazat Ali Shah,LN Oluoch,0,0,,,,,,,,,
1184902,2019,2019-05-22,Lugogo Cricket Oval,2,18.3,Uganda,Kenya,F Nsubuga,Riazat Ali Shah,LN Oluoch,1,0,,,,,,,,,
1184902,2019,2019-05-22,Lugogo Cricket Oval,2,18.4,Uganda,Kenya,Riazat Ali Shah,F Nsubuga,LN Oluoch,0,0,,,,,,,,,
1184902,2019,2019-05-22,Lugogo Cricket Oval,2,18.5,Uganda,Kenya,Riazat Ali Shah,F Nsubuga,LN Oluoch,6,0,,,,,,,,,
1184902,2019,2019-05-22,Lugogo Cricket Oval,2,18.6,Uganda,Kenya,Riazat Ali Shah,F Nsubuga,LN Oluoch,1,0,,,,,,,,,
1184902,2019,2019-05-22,Lugogo Cricket Oval,2,19.1,Uganda,Kenya,Riazat Ali Shah,F Nsubuga,E Otieno,0,1,1,,,,,,,,
1184902,2019,2019-05-22,Lugogo Cricket Oval,2,19.2,Uganda,Kenya,Riazat Ali Shah,F Nsubuga,E Otieno,1,0,,,,,,,,,
1184902,2019,2019-05-22,Lugogo Cricket Oval,2,19.3,Uganda,Kenya,F Nsubuga,Riazat Ali Shah,E Otieno,0,0,,,,,,bowled,F Nsubuga,,
1184902,2019,2019-05-22,Lugogo Cricket Oval,2,19.4,Uganda,Kenya,C Waiswa,Riazat Ali Shah,E Otieno,6,0,,,,,,,,,
1184902,2019,2019-05-22,Lugogo Cricket Oval,2,19.5,Uganda,Kenya,C Waiswa,Riazat Ali Shah,E Otieno,0,0,,,,,,run out,C Waiswa,,
1184902,2019,2019-05-22,Lugogo Cricket Oval,2,19.6,Uganda,Kenya,Riazat Ali Shah,H Ssenyondo,E Otieno,4,0,,,,,,,,,
1184902,2019,2019-05-22,Lugogo Cricket Oval,2,19.7,Uganda,Kenya,Riazat Ali Shah,H Ssenyondo,E Otieno,6,0,,,,,,,,,
